function [ u, y ] = sys_data

u = [0;0;0;0;0;0;0;0;0;0;0;0;0;1;1;1;1;1;1;1;1;1;1;1;1;0;0;0;0;0;0;0;0;0;0;0;0;0;1;1;1;1;1;1;1;1;1;1;1;1;0;0;0;0;0;0;0;0;0;0;0;0;0;1;1;1;1;1;1;1;1;1;1;1;1;0;0;0;0;0;0;0;0;0;0;0;0;0;1;1;1;1;1;1;1;1;1;1;1;1;0;];
y = [-0.258680544266456;-0.282153264315906;1.20012884544764;0.589330092356170;0.375113313764085;0.357725315735641;-0.0394307016992404;-0.708256953385133;-0.0815952924418532;0.265124057217212;0.254844440654716;0.625373317267896;0.461443338376251;0.156786678407290;-0.0100097576043802;0.296694636679002;0.746857600604529;0.417245641758810;0.533454758739545;1.34487719392535;0.802848109009056;0.269142048774535;0.0607721245572477;1.04215040379779;0.746165988666233;0.776436884071958;0.643913426036313;0.541609918245834;0.0286900540677745;0.316419172558369;-0.625276013886578;-0.142076580149225;0.0115604150577326;0.238283612974233;0.225578409152590;0.600244695084294;0.756010392943256;0.234312679027355;-0.290677626062777;0.501504603870035;0.991486553911078;1.05369589208984;0.714230155103120;0.161282772356827;0.272007811060606;0.672170491640764;1.02330952620817;0.585920188300915;0.232953664419801;1.40543193570437;0.752472155027615;1.08615440885177;0.688522478360621;-0.110949539921630;0.352620457953586;0.517233759144323;-0.103606400713775;-0.197267763580410;0.180260429627487;-0.364154019681764;-0.235648252489822;0.528866061597351;-0.117520730378771;0.213751909120237;0.0463445453405793;-0.206041820786144;0.351896938820359;0.423656402636057;0.823598842605397;0.590799659402624;1.27734664600718;0.0535964519568790;1.05184479056952;0.688595515583937;1.29439023050567;0.919533126629225;1.37336368887558;0.399467164722605;0.308526352602731;0.531400637956270;0.671456093384556;-0.296622562262138;-0.894886872302810;0.0509581857680938;0.209867893916083;0.709674044417953;-0.00334482269464582;0.103492132738856;0.303695131076228;0.00990283352039403;-0.00484291214948363;0.467378674803129;-0.0775645064974543;0.940640413900200;0.417739407479904;0.218637047554220;0.925655522623338;1.12671045195247;0.858400876104515;1.16988198907263;1.26448261880080;]';